-69.8705339469
-69.8597120284
-69.854677064
-69.8813635481
-69.8928092105
-69.9003452943
-69.8903286854
-69.9080742579
-69.8874440549
-69.8882130029
-69.9000417993
-69.920388656
-69.9206513023
-69.9242459905
-69.9336386324
-69.9071069069
-69.9022134879
-69.9012943927
-69.9117406049
-69.8982544789
-69.9133792896
-69.949409394
-69.9612490109
-69.9618668757
-69.9665348479
-69.9642135596
-69.9778707183
-69.9777461409
-69.9747431001
-69.9932461875
-69.9847230943
-69.974757632
-69.9753386212
-70.0036166034
-69.9835462649
-70.0111937082
-70.0169034771
-70.0358274363
-70.055667166
-70.0525540482
-70.0513288955
-70.0409712501
-70.0527973089
-70.0449811451
-70.057973833
-70.0264093975
-70.0213124302
-70.0153632098
-70.0097964172
-70.0181035648
-70.0279563541
-70.0107716775
-70.0115254664
-70.0164090007
-70.0135851271
-70.0229130247
-70.0295099111
-70.003140144
-69.993692164
-70.0141480279
-70.0170609032
-70.0361794155
-70.0415722124
-70.0421534557
-70.03937024
-70.0496617932
-70.0674303277
-70.0811475742
-70.0733995092
-70.0551358018
-70.0390266729
-70.0178699718
-70.0193044584
-70.0205639353
-70.0329106327
-70.0497607622
-70.0373381908
-70.0119895855
-70.0287770468
-70.0088633115
-70.0250224732
-70.0175583616
-69.9986713186
-69.9922476698
-70.0014490175
-70.0157091777
-70.0409738562
-70.015212394
-70.0089879733
-70.0183595078
-70.0274917447
-70.0158911173
-70.0071060095
-70.0228579336
-70.0282801711
-70.0208282025
-70.0084049533
-70.0260786614
-70.0391174575
-70.0383195034
-70.0269586748
-70.0299450808
-70.046583856
-70.0567410651
-70.0715225322
-70.0464614293
-70.0704598246
-70.086337848
-70.0734914614
-70.0610058092
-70.0490330602
-70.0551496167
-70.0475699773
-70.024949955
-70.0078097345
-70.0085695433
-69.9816923238
-69.9569237912
-69.9661136602
-69.9547714748
-69.9429777033
-69.9421401542
-69.942898671
-69.9317448632
-69.9341132066
-69.9341610605
-69.9510085411
-69.9520978735
-69.9357140113
-69.9368091163
-69.9461382346
-69.9353032918
-69.9514689508
-69.9663695735
-69.9671552176
-69.9501212232
-69.9670494232
-69.978582617
-69.972893463
-69.9718786324
-69.9647735344
-69.9480341169
-69.9457708031
-69.950741317
-69.969605545
-69.974616807
-70.0046014401
-69.9955366872
-69.993184992
-69.9851157183
-69.9960955691
-69.982931617
-70.0107494738
-69.998247846
-69.9942705383
-69.9892958112
-69.9643403258
-69.9789128429
-69.970544255
-69.9629068967
-69.9597611116
-69.9651978269
-69.9671750215
-69.9799772144
-69.9907024636
-69.9820553895
-69.9661722271
-69.978771605
-69.9968618028
-69.9871559627
-69.9920279204
-69.9848480144
-70.020770702
-70.0153648377
-70.0206724795
-70.0174622595
-70.0057859142
-70.0225978983
-70.0077566703
-69.9999260098
-69.9980292616
-70.0109324007
-70.0130259174
-69.9952260567
-69.9844708039
-69.9978972226
-69.9888896101
-69.9927024668
-69.9790591499
-69.9643239053
-69.9621332844
-69.9835530323
-69.9796128137
-69.9703419171
-69.967932501
-69.9679760941
-69.9834594762
-69.9955467495
-69.9961943708
-70.0036383877
-69.9930530401
-69.9959706772
-69.9865462409
-69.979640214
-69.9648093117
-69.9715937482
-69.9920351014
-69.9873465879
-69.9768478612
-69.9516191404
-69.9702700228
-69.9754473897
-69.97503471
-69.9725313912
-69.9849075645
-69.9904810812
-69.9874125376
-69.9952073841
-69.9904126536
-69.9826864673
-69.9944103071
-69.9927435659
-69.9909328931
-69.9935178603
-69.9988251696
-69.9653030018
-69.9815676335
-69.9801269616
-69.9867801426
-69.992873012
-69.9885830389
-69.9918271615
-70.0025239708
-70.0032783297
-69.993757489
-70.0183123355
-69.9998756809
-70.0065624025
-69.9896946593
-69.998965058
-69.9883719464
-69.9713564872
-69.9570500419
-69.9578115885
-69.9612706776
-69.9546527894
-69.9677633625
-69.9592538923
-69.9357176468
-69.9558767981
-69.975098686
-69.9552572501
-69.9286754409
-69.9692635529
-69.9415562145
-69.9506832898
-69.9645320293
-69.9804906348
-69.9918326617
-70.0067778968
-69.9892381819
-69.9935163378
-69.9939209167
-70.0043634917
-70.0215006379
-70.0230051158
-70.003276469
-70.0124875126
-70.0086911912
-69.9984494536
-69.9972458951
-70.0088596609
-70.0179370685
-69.9997910248
-69.994974138
-69.994067797
-69.9852147865
-69.9602105767
-69.9722064913
-69.985647959
-69.9959229228
-69.9651379102
-69.9565363707
-69.9488474105
-69.9364920992
-69.9405648715
-69.9356967099
-69.9392504375
-69.9494573647
-69.9477156058
-69.9470242926
-69.9407904186
-69.936170575
-69.9305872266
-69.9400564041
-69.9349302377
-69.9357674553
-69.9433316113
-69.9337397475
-69.9714754808
-69.9558191831
-69.9545095076
-69.9461047489
-69.9500072853
-69.9521587432
-69.9630038791
-69.9782117958
-69.9705808227
-69.952059627
-69.9582946172
-69.9748748646
-69.9718206969
-70.0116943115
-70.0118025057
-70.0069769873
-69.9932837689
-69.9791152198
-69.9883083068
-69.9887362725
-69.9856652018
-70.0067046388
-69.9892323434
-70.0052324104
-69.9982745836
-70.0124643602
-70.0021779906
-69.9833424335
-69.9700459421
-69.967929594
-69.9320452246
-69.9330271925
-69.9072811461
-69.9205268152
-69.9108171442
-69.9147905035
-69.9239692312
-69.8923353637
-69.8796963494
-69.8937318639
-69.912661092
-69.908841013
-69.9138193048
-69.8889895086
-69.885752407
-69.891485356
-69.8976038836
-69.8933455926
-69.8953624692
-69.8869632046
-69.876755536
-69.873084713
-69.8665636117
-69.905517888
-69.8811204395
-69.8931525966
-69.8908885938
-69.8936884249
-69.8657801214
-69.876635471
-69.9194385629
-69.9544510951
-69.945520688
-69.9377015302
-69.9448968089
-69.9561814988
-69.9679800737
-69.9723556624
-69.9764412178
-69.9640748146
-69.9760869402
-69.990174085
-69.9816188396
-69.9930040112
-69.9894214256
-69.9875672814
-69.9925962656
-69.976673166
-69.9969556455
-69.999150172
-70.0036425499
-70.0090285402
-70.0148243382
-70.0189982351
-70.0365842144
-70.038478666
-70.0269313356
-69.9961898786
-69.9867718667
-69.9906543853
-69.9722408962
-69.9679104919
-69.9982637671
-69.9946351867
-69.9747026473
-69.9567374486
-69.9466444005
-69.9550791611
-69.9760006008
-69.981122544
-69.9929297193
-69.9643386658
-69.9484665297
-69.9469738902
-69.9547627775
-69.9801856915
-70.002403074
-69.9939614722
-70.0116702575
-69.9961370302
-69.9896238581
-70.0169452026
-70.0184218921
-70.0340893011
-70.0372936766
-70.0097043744
-69.9923082261
-69.9851795763
-69.9953203739
-70.0234096078
-70.0142148464
-70.004719922
-69.9957929704
-70.0305430839
-70.0519437919
-70.0274395646
-70.031858656
-70.0188924985
-70.0037933418
-70.0077933681
-70.0191865708
-70.0149249897
-70.0122898481
-70.0280334288
-70.0516851834
-70.0539343706
-70.0592153362
-70.0540437827
-70.0285780017
-70.0621236303
-70.0475799985
-70.0584935029
-70.0590441237
-70.0503565806
-70.0758055725
-70.0498981654
-70.0428106681
-70.0565708004
-70.0569351076
-70.058355655
-70.050980969
-70.0497995881
-70.069633302
-70.0375379609
-70.050306841
-70.0573796697
-70.0642881221
-70.054794577
-70.0548646928
-70.0517850899
-70.0419296045
-70.0487541763
-70.039528807
-70.0366154987
-70.0066406447
-70.0122259997
-70.0155359865
-69.9896032547
-69.9820621185
-69.968477675
-69.9644903706
-69.9716137662
-69.9573570426
-69.9642110134
-69.940831436
-69.9173547648
-69.9097508236
-69.9507859753
-69.9427687535
-69.9309126583
-69.9431985692
-69.9307777566
-69.9289767463
-69.952589753
-69.922220704
-69.9544446329
-69.9558718784
-69.9750458189
-69.9623701788
-69.9643882275
-69.9577674206
-69.948390457
-69.9477233616
-69.9332915372
-69.9292550655
-69.9142145436
-69.9189294331
-69.9038856269
-69.9185955141
-69.927769075
-69.9217090667
-69.9265450432
-69.9406706537
-69.9639530801
-69.976720741
-69.985395874
-70.0133049159
-70.0285893941
-70.0310798422
-70.0355680891
-70.0307118753
-70.044754083
-70.0373812455
-70.0349892982
-70.0297986724
-70.0225231227
-70.0415349168
-70.0521715353
-70.0629950431
-70.0684132462
-70.0838542364
-70.0880841375
-70.0878540691
-70.0784254817
-70.0405772123
-70.0400974647
-70.0552688164
-70.061537044
-70.0627702827
-70.0441627615
-70.0277587137
-70.0402122694
-70.0261886374
-70.0051334168
-70.0133570726
-70.0242804915
-70.022733308
-69.9992777398
-69.9916687737
-69.9870583911
-69.9872849386
-69.9844022837
-69.9896902742
-69.9968328417
-69.9887829675
-69.9974241267
-69.9949712126
-69.9915789287
-70.0233075347
-70.0384639574
-70.046835675
-70.0412483789
-70.0259478909
-70.0138120512
-70.0054922871
-69.9818296371
-69.9891323923
-69.9838167982
-69.970363593
-69.9725418436
-69.96648388
-69.9543917147
-69.9799304324
-69.9855084405
-69.9840633963
-69.9580272818
-69.9685169327
-69.9786970171
-69.993257916
-70.0075229088
-70.0432573308
-70.0503958745
-70.0522126187
-70.0451367777
-70.0510277621
-70.0771060888
-70.0764176614
-70.0736855647
-70.0815618447
-70.1234362039
-70.1437945704
-70.1472868175
-70.1544190073
-70.1338340314
-70.127696111
-70.1296347474
-70.1289226064
-70.1033630258
-70.1116721737
-70.0872742683
-70.0816600695
-70.0855343033
-70.0844963578
-70.0689412156
-70.0999837258
-70.1102755576
-70.0936186793
-70.0867442548
-70.0663912637
-70.0706845741
-70.0673863863
-70.0362769614
-70.0493723439
-70.0280341005
-70.0174999861
-70.0154651406
-69.997389597
-70.0008549975
-70.0092260314
-70.010624739
-69.9967519928
-69.989945411
-70.0097084348
-70.0146291175
-70.0162145739
-70.0417686557
-70.0472395559
-70.0765219885
-70.0982836233
-70.0745192304
-70.0571374054
-70.0341196849
-70.0557952207
-70.0639849501
-70.0567251113
-70.0292708867
-70.0124725773
-70.0345428668
-70.029632539
-70.0280578191
-70.0361445988
-70.045013658
-70.0637637965
-70.0529882185
-70.0439040358
-70.0526912738
-70.0516378055
-70.055942065
-70.0405077088
-70.0581703273
-70.0614517121
-70.0555725644
-70.0371232032
-70.0538474668
-70.0658847901
-70.063259484
-70.065830125
-70.0707898572
-70.0835571853
-70.0622654424
-70.0657602077
-70.0717999714
-70.0438059216
-70.0567999127
-70.0680364556
-70.0778910916
-70.0617039085
-70.0759218021
-70.0636774441
-70.0414980469
-70.0715960449
-70.0884758614
-70.1017184655
-70.1173248489
-70.1199824994
-70.1140559391
-70.1088965697
-70.1012789131
-70.0860654183
-70.0825410498
-70.0785809159
-70.0516765049
-70.0680103166
-70.0879457122
-70.1006195543
-70.0961388938
-70.1148943385
-70.1195376577
-70.106518207
-70.105132159
-70.0999555834
-70.0997278646
-70.084907488
-70.0706634787
-70.0539554538
-70.0687718735
-70.0582204722
-70.0596205221
-70.0821808913
-70.0695278223
-70.0872829319
-70.1131548648
-70.0747453381
-70.0562359419
-70.0556868959
-70.0482400251
-70.0717494435
-70.0779675504
-70.115566001
-70.1075001993
-70.0809386099
-70.0694845032
-70.0300275084
-70.028275134
-70.0148972835
-70.0255546642
-70.0234247783
-70.0469701052
-70.0632070245
-70.0664709166
-70.0629115713
-70.0665803401
-70.0677468005
-70.0776375691
-70.0742672143
-70.0638207495
-70.0333460588
-70.0340794036
-70.0346984983
-70.0514569535
-70.0661594069
-70.0962430245
-70.0849559854
-70.1005329012
-70.1031631587
-70.0881309592
-70.0821993847
-70.0800994183
-70.0454940549
-70.0394690604
-70.0374318665
-70.0501595073
-70.0529424471
-70.0528349135
-70.063369489
-70.0521659524
-70.0368650009
-69.9978685217
-70.014138788
-70.0114485825
-69.9762236495
-69.9765193129
-69.9863462369
-69.9760034866
-69.9822572939
-69.9661295964
-69.9800886061
-69.9364515959
-69.9407086234
-69.9541802213
-69.9362608465
-69.9446200692
-69.9376132954
-69.9492580663
-69.9495905985
-69.94721576
-69.9429902002
-69.9686495188
-69.9659720022
-69.9610153308
-69.960613899
-69.9144326727
-69.928143307
-69.9399024851
-69.9230277087
-69.9233324595
-69.9515790179
-69.9695277251
-70.0030024268
-69.9878502448
-69.9739004556
-69.9594029185
-69.9938710219
-69.9995754752
-70.0229834817
-70.0366408441
-70.0575975386
-70.0708300492
-70.0949299006
-70.0641659851
-70.0610402867
-70.0260033179
-70.0436108646
-70.0333984082
-70.0233167888
-70.0227088831
-70.0203899725
-70.0086963049
-70.016941755
-70.0170357961
-70.0410234975
-70.0479063649
-70.0588002258
-70.060807083
-70.0440398517
-70.0343086287
-70.0300041747
-70.0295483972
-70.0499373729
-70.0286426137
-69.9953802489
-69.9775856988
-69.961040562
-69.9567923557
-69.9486662402
-69.9499884747
-69.9594709654
-69.929659448
-69.9263783688
-69.9321031216
-69.9314725021
-69.9308203176
-69.9383186536
-69.9164102753
-69.920094684
-69.9252395319
-69.9188041957
-69.9286595956
-69.9260261319
-69.940609711
-69.9535361386
-69.9402862054
-69.9543024759
-69.9553526639
-69.9397395964
-69.92221547
-69.9263953306
-69.9412424318
-69.9463720633
-69.970856652
-69.9539669112
-69.949971281
-69.9365277243
-69.929700819
-69.9575413367
-69.9491899093
-69.9448422061
-69.9234976473
-69.9132128859
-69.9337625822
-69.9396861027
-69.9412829344
-69.9407874716
-69.9237544633
-69.9219138364
-69.942162708
-69.9385537121
-69.9276343599
-69.9340360934
-69.9255280363
-69.9333312153
-69.9608777827
-69.9759542003
-69.9782869395
-69.9486288054
-69.9420531169
-69.9562842293
-69.95660665
-69.9506666491
-69.9624358469
-69.9784183622
-69.9836797993
-69.9770606168
-69.9808730722
-69.9859227262
-69.9753832993
-69.9826950314
-69.9698889097
-69.9630266262
-69.9628904122
-69.9528408121
-69.9663451177
-69.9606336359
-69.9750536622
-69.9626739145
-69.9905652737
-69.982520095
-69.9671264776
-69.9627204778
-69.9635383293
-69.9813933551
-69.9749311357
-69.9712989543
-69.9813357863
-69.9893541595
-70.0065347413
-70.005498411
-70.0231168032
-69.9935486295
-70.0267548975
-70.0243244591
-70.0014107376
-70.0005615893
-69.9838507304
-69.9850552049
-70.0020689719
-70.0086766772
-69.9871238927
-69.9844877979
-69.9732004383
-69.9776409432
-69.9735536727
-69.9713369942
-69.9861551747
-69.9709634853
-70.0013095758
-69.9951957684
-69.9978434793
-69.9867373637
-69.9791451457
-69.9880075346
-69.9959273167
-69.9864257966
-69.9869670821
-69.9980093969
-70.006099427
-70.0072529819
-70.0065305354
-70.015020253
-70.0098953296
-70.0195410606
-70.0275958823
-70.0377986939
-70.031454647
-70.0177303391
-70.0317735217
-70.0144252444
-69.9955820435
-69.9943691554
-69.9787451392
-69.9928094334
-69.9970347256
-69.9949678464
-69.9867612979
-69.9870235164
-69.9784377234
-69.984441068
-69.9462286118
-69.9571324063
-69.9576723093
-69.9645893232
-69.9682973541
-69.9819661907
-69.975609145
-69.9932355344
-70.0074655092
-69.9996022166
-69.9758922139
-69.9794782155
-69.9830407553
-69.9814904344
-69.9939488367
-69.9780627377
-70.0019372709
-69.9999749857
-69.9776374924
-69.9717159401
-69.9899772332
-69.984470897
-69.9748788336
-70.0067588408
-70.0175748881
-70.0064078456
-69.998608037
-69.9856958014
-69.9894213792
-69.9723452113
-69.9677072272
-69.9678172683
-69.9494426312
-69.9396775253
-69.9141087053
-69.911826213
-69.890436986
-69.8814631579
-69.9026026272
-69.9126811249
-69.9085680485
-69.907944564
-69.9190045953
-69.9062581169
-69.9094403768
-69.8901481022
-69.8640146337
-69.8604525377
-69.8782263315
-69.8613319111
-69.8864519219
-69.8739214817
-69.8847417674
-69.8879301819
-69.8853146056
-69.8863344334
-69.877181415
-69.8869524373
-69.8831690288
-69.8842134518
-69.8734742409
-69.8793510638
-69.8864692838
-69.8642362834
