-69.5015127484
-69.9424118899
-70.1832276958
-70.1176932956
-70.0180161933
-70.186500534
-69.8941157762
-69.2288997148
-68.967495457
-69.1801275523
-69.1343513403
-69.064291839
-68.8857569009
-69.0786040025
-69.2311692012
-69.4813921593
-69.7720718701
-69.9322923578
-69.8526978831
-69.8754094266
-69.7364722028
-69.4219151364
-69.4187376233
-69.2369929684
-69.5321578528
-70.0335994202
-69.9521157481
-70.202147582
-69.9893738775
-70.3497721415
-69.6850890829
-70.1990644866
-70.4827246665
-70.2814346879
-70.3282247533
-70.3068475411
-70.3094753638
-70.1704395661
-70.1174554294
-70.7548224807
-70.6195140624
-70.9070268922
-70.9747480443
-70.7642135496
-70.9625739919
-70.7839849097
-70.6804688794
-70.7133670526
-70.2501798027
-70.3762032531
-70.6124709898
-70.4822175128
-70.3296108963
-70.6661264738
-70.3362819008
-70.5020546287
-70.0443469443
-69.6692373605
-69.6486363602
-69.4552978156
-69.122051022
-69.1847070436
-68.9172545093
-69.0924282786
-69.2309466684
-69.0537777812
-68.5442528874
-68.7267142727
-68.4615108338
-68.4913410765
-68.6655337085
-68.4291682172
-68.4734367966
-68.6022607693
-68.7284322234
-69.1653726966
-69.5101192351
-69.6447885023
-69.4953408501
-69.7090235353
-70.1823568756
-70.4844943916
-70.6545604468
-70.6951079539
-70.8349878837
-70.5372440698
-70.4889059985
-70.7915535623
-70.3679863271
-70.2116394269
-70.105596652
-70.2560856411
-70.3443899166
-70.3440947672
-70.1310551692
-70.4030130239
-70.1968857559
-70.2614523116
-70.1302497988
-69.9855321456
-70.5804613154
-70.5922296274
-70.5988275212
-70.7426319036
-70.133188918
-70.4823442051
-70.4856411151
-70.4840623747
-70.4712225528
-70.9112730253
-70.9146352941
-71.1375539711
-70.89170581
-70.8636895448
-70.9088952514
-70.9055763158
-70.9415544935
-71.0048703349
-70.9382886497
-70.8846951428
-70.900871147
-71.4059287899
-71.5604374887
-70.9999743948
-70.7089805444
-70.4469315527
-70.6517574302
-70.9607389668
-71.0940051634
-71.0213920028
-70.3569130816
-70.2617556698
-70.1910081979
-70.3737197905
-70.466368956
-70.6021959827
-70.5101189096
-70.5952696389
-70.736580876
-70.7382908371
-70.7036067549
-70.805519864
-70.9109303729
-71.0144374619
-70.9557029058
-70.9907585616
-70.5737497865
-70.0813378812
-70.0674183862
-69.9307912347
-70.3179038327
-69.7593434088
-69.7154215022
-69.7511790958
-69.7293751258
-69.7847308463
-69.4555093158
-69.5148396441
-69.679417336
-70.1117194655
-69.9661903456
-70.0740667303
-70.2210707061
-69.8976716144
-69.9133427918
-69.8572184875
-69.8328924031
-69.829541897
-69.3220520907
-69.0578978914
-68.7377452164
-69.0568251589
-69.3404657896
-68.7830521041
-68.6365751258
-68.4137428371
-68.4918868081
-68.3929747173
-68.6275934707
-68.9857725142
-68.722086714
-68.7590517557
-68.819381806
-68.777980474
-69.2041824365
-69.2317236868
-69.4034160555
-69.2231336175
-69.2584058165
-69.3736602351
-69.7091809356
-69.77957234
-69.8553383987
-70.1084864627
-70.1225366461
-70.2234882414
-70.0366142997
-70.2764341364
-70.0029498094
-69.9390938437
-70.0036912452
-69.8360897504
-69.8117413844
-69.1307475892
-68.9018923109
-68.8304340427
-68.4512819777
-68.6925702669
-68.6194255167
-68.4104485979
-68.2203298829
-68.4174244981
-68.6172077151
-68.3097765935
-68.4508956771
-69.283699905
-69.5814538655
-69.7603497282
-69.5255015569
-69.5340250576
-69.790218453
-70.0536838061
-69.931319853
-70.4498202744
-70.7169152006
-70.6963200317
-70.7079066618
-70.8178075666
-70.7759659365
-70.6811875568
-71.1969101718
-71.2694089992
-71.3048999226
-71.4622262472
-71.3850664217
-71.5694882969
-71.2124530463
-71.1254769255
-71.2602202481
-71.0375463315
-71.1327937674
-70.815646751
-70.3666639157
-70.7998845783
-71.1671904787
-71.038674545
-70.8824101931
-70.5671209339
-70.2966617562
-69.8081171284
-70.0522959006
-69.9558181539
-69.4971241442
-69.8323576538
-69.6262609529
-69.9002053705
-69.6003432132
-70.4335164333
-70.3644106688
-70.1300255159
-70.1778357482
-70.1080026861
-70.1423609759
-69.6581016971
-69.7579378624
-69.8277623176
-69.8334186749
-69.4644866406
-69.38956155
-69.0482994702
-69.0682289643
-68.8304971002
-68.9956630108
-68.806936225
-68.9820323392
-68.7947529497
-68.5603257006
-68.6038748979
-68.3056172717
-68.2729556942
-68.1879544012
-68.1381864343
-68.121886981
-68.1295251279
-68.4989407051
-68.3583938951
-68.6203094635
-68.9884970752
-69.1111909814
-69.2711964856
-69.2406923575
-69.4225536323
-69.4141826355
-69.4992867033
-69.7908294888
-69.8312520734
-70.3019179016
-70.3458446452
-70.533351202
-70.3096374704
-70.1745235999
-70.312376085
-70.0053240205
-70.3173411134
-70.447724085
-70.6001092968
-71.1311449319
-70.8218075172
-71.0620700303
-70.8407379622
-70.7659191803
-70.7611310478
-70.712059471
-70.4736249802
-70.3536200694
-70.4311938751
-70.3532003117
-69.8454366935
-70.0299007748
-69.7973481536
-69.827279017
-69.5603095151
-69.5384461315
-69.6061473094
-69.7154451499
-69.2126735096
-69.4066431101
-68.9632835996
-68.7429761706
-68.7314908924
-68.6089766599
-68.9154525385
-68.8664063821
-69.2715690021
-69.2307738178
-69.1319549564
-69.0509126924
-68.8170124106
-69.4034841076
-69.5914934944
-69.5857770031
-69.9906521449
-70.1301945866
-69.979162239
-70.0463721389
-69.5945765314
-69.9211905601
-69.6587393056
-69.6687774493
-69.9148679219
-70.2610191509
-70.4095055325
-70.5829899086
-70.5269651094
-70.4046384763
-69.9545674908
-70.0669354191
-70.3573719871
-70.5535787426
-70.2799366542
-70.1939938854
-70.4653288775
-70.4052446953
-71.1148479213
-71.0817554834
-71.4764446202
-71.6199444378
-71.9693050742
-71.6847980492
-71.6090420296
-71.492822232
-71.5901353375
-71.5040133745
-71.1295365536
-71.1468070149
-71.4767277926
-71.814919981
-72.0325781833
-71.8073134027
-71.6835554092
-71.4159046453
-71.8624362149
-71.625921889
-71.5012785364
-71.324185055
-71.2158971588
-71.1893791525
-71.2946677783
-71.1626798631
-70.9180902902
-70.6324528812
-70.6444325756
-70.4371540797
-69.9333130668
-69.431155759
-69.2513285597
-69.2887201751
-69.6052031107
-69.610753813
-69.3437559985
-69.2063923927
-69.6582137925
-69.4810242127
-69.8594439205
-69.6831683437
-69.6830053305
-69.4274461684
-69.3403972649
-69.7285630064
-69.40999247
-69.4204878848
-69.1929334988
-69.2613948969
-69.7376215085
-69.8877750788
-70.1233469445
-70.2820788107
-70.2609822621
-69.9643936085
-69.5211008628
-69.2994531093
-69.1993134546
-68.5368423468
-68.6669689565
-69.364860703
-69.2390561524
-69.4247672574
-69.575963427
-69.7819224879
-69.6359818238
-69.5378632644
-69.3898364216
-69.0615334989
-69.306517191
-68.6135214225
-69.0200020863
-69.2012261137
-68.9870600177
-68.8603401835
-68.864705302
-68.9798687823
-68.9450436801
-69.0571414433
-68.6188843657
-68.5987864944
-68.593949242
-68.8326692825
-68.6454579534
-68.7473720526
-68.77385857
-68.5594152418
-68.9356911906
-68.8304568817
-69.2185188581
-69.2337054322
-68.7902911476
-68.6648004822
-68.6362452848
-68.6252028782
-68.8351295444
-68.1387110081
-68.0681024334
-68.052060308
-68.1201535005
-68.2911965329
-68.3123620427
-68.4465849472
-68.2870471998
-68.4561008572
-68.2722627914
-67.9197882564
-68.0910446499
-68.1440162371
-67.8766317415
-67.6449777008
-67.5258515724
-67.7162909123
-67.6398270738
-67.8451782932
-67.8745809964
-67.8939225479
-67.7319461796
-67.5725917063
-67.8654895564
-67.9653278273
-68.1969175548
-68.3307443773
-68.5020426474
-68.9418006489
-68.7564342176
-69.1472608653
-69.1836045075
-69.3733080895
-69.1952044501
-69.2473170288
-68.8975168637
-69.1465986126
-69.5184633375
-69.9032469885
-70.1557798589
-70.3178576428
-69.9171559481
-69.7926783568
-69.2114529213
-69.6045898826
-69.4892767942
-69.757216138
-69.1798006795
-68.9139343959
-69.0855530303
-69.354409254
-69.0769415789
-68.9535571256
-68.5930496654
-68.8040227901
-68.7019721789
-68.8663934458
-68.9775700102
-69.4434691773
-69.109466445
-69.1401137479
-69.0694631708
-68.9905612248
-69.3039209406
-69.4078412389
-69.519117445
-69.6865059322
-69.6453605962
-69.5103539155
-69.4117120466
-69.7115126318
-70.054190621
-70.0720902852
-70.143518172
-70.0741261699
-70.0983707514
-70.3564326592
-70.0704906477
-70.2247683299
-70.2108714457
-70.3100949782
-69.9230409665
-70.0313181484
-70.0953926822
-70.2001783185
-70.5663635193
-70.4619081754
-70.9958463301
-70.9404255103
-70.7681469323
-70.4079970353
-70.6441258775
-70.7288559942
-70.5262482691
-71.2425440359
-71.2283037493
-70.7516371349
-70.2441041825
-70.6435794923
-71.2061403953
-71.2469031941
-71.3921728161
-71.1562022539
-71.3081817041
-71.5251708113
-71.162092853
-71.4539940339
-71.7005271885
-71.5680998876
-71.7847919842
-71.8626830475
-71.9166597207
-71.6131880234
-71.3314955134
-71.3080699562
-71.3177880089
-71.1765556596
-71.6094849951
-71.9551089848
-71.9915787399
-71.8909758307
-71.942099553
-71.2847090217
-71.1515286625
-71.602959802
-71.6481123635
-71.610425677
-71.7397947055
-71.4933319795
-71.3442420207
-71.6803821534
-71.5300122038
-71.5828473657
-71.1105222123
-70.8055804895
-70.5867813965
-70.5975793214
-70.307501609
-70.2952043362
-70.3418038279
-69.5982216121
-69.7256219438
-69.5076720743
-69.2048641151
-68.7460707105
-68.6203511553
-68.2401179319
-68.1276439491
-68.7209924542
-68.6008741944
-68.8235519122
-68.6921334034
-68.8684765475
-69.0904137764
-69.0118449956
-69.0474201324
-69.0115071591
-69.0503784198
-68.97887338
-69.1490452841
-68.9652652521
-69.3140159515
-69.6153980256
-69.7101928989
-69.8708866356
-70.3442972212
-70.3554325897
-70.389291054
-70.5187229434
-70.423275676
-70.6021404555
-70.7929423111
-70.8037345214
-70.5041489281
-70.8848968154
-70.8185787162
-71.0238876345
-71.4902666556
-71.6004446365
-71.5965139194
-71.6346704227
-71.7042858169
-71.9758382113
-72.3594374409
-72.5312540562
-72.562305467
-72.3958512756
-72.1111205246
-72.3408543241
-72.2648572917
-72.2919390182
-72.3029230089
-71.9928591787
-72.0288543118
-72.0345020698
-71.702730094
-71.519649728
-70.9985820757
-70.8671430299
-70.5431378884
-70.1970134568
-70.4189567278
-70.2466852749
-70.0924673815
-70.1607040139
-69.856998329
-70.0180225894
-70.1195675003
-70.2172202728
-70.1683399527
-70.3130353289
-70.3832527465
-70.5400528718
-70.2047145487
-69.9134990257
-70.0217728555
-69.6888024723
-69.7322715311
-69.4741107208
-69.1764509974
-69.6388092947
-69.7158423262
-69.7787490409
-69.7870878103
-70.0417825474
-69.6663635118
-69.6640123318
-69.7801830298
-69.3700564339
-69.1846629153
-69.0999505234
-68.9085489448
-68.5317428986
-68.2856353642
-68.890333076
-68.7709646808
-69.2722722611
-69.3030004614
-69.610491053
-69.5068602108
-69.7610365767
-69.9975548988
-69.5730744812
-70.3119025524
-70.4376137581
-70.3210003921
-70.0036793475
-70.1249647608
-69.8322133251
-70.134817076
-69.8248169898
-69.6359716796
-69.5239413934
-69.225353148
-69.4762299963
-69.238734622
-69.5836070484
-69.4149690389
-69.3016719571
-69.4862197267
-69.2518757281
-69.5476607787
-69.5669221014
-70.0873877581
-70.192527992
-69.9679384319
-69.7013360448
-69.5571627505
-69.45808531
-69.4607432259
-69.8599975179
-69.4593360764
-69.4978264482
-69.8855339245
-70.2439807893
-69.8928937399
-70.2482469411
-70.5088783874
-70.355003604
-70.3834742757
-70.3389630329
-70.0961445156
-70.2870445024
-70.2829617699
-70.4160964457
-69.9137975351
-69.9624855764
-69.9217213629
-69.7402335163
-69.942344194
-70.3489471957
-70.4159373427
-70.4797801764
-70.6758253399
-70.8605974
-71.0428061536
-71.0603607445
-70.8643794783
-71.0940132299
-70.6635212705
-70.7893560663
-70.145398224
-70.1067220898
-69.9106183983
-69.9774811987
-70.179078738
-69.9492821051
-69.9627028766
-70.3381132952
-70.4384790574
-70.214560263
-70.7670522055
-70.7678048383
-70.4491451874
-70.6934622189
-70.5897397096
-70.8331857836
-71.2090541326
-71.0879930407
-70.858814273
-70.5090258099
-70.3599294383
-69.994407646
-69.9230666878
-70.2125609545
-70.0458391761
-70.106080804
-70.4139197432
-70.165149653
-69.8777104784
-69.7392600107
-69.3986131312
-69.4401255509
-70.2984542535
-69.8648518035
-70.1870007739
-70.0593570984
-70.2378045298
-70.0493464744
-69.8829435613
-69.9612807642
-70.0039201781
-70.2904701336
-70.6043618256
-70.1614693716
-69.9467640825
-70.1152380493
-70.1690786745
-69.9503655438
-69.6591569693
-69.8386972933
-69.7722895117
-69.5831623794
-69.4264938021
-69.4218180452
-69.9142264996
-70.493623803
-70.2454428588
-70.2759549817
-70.6619928535
-70.3524368932
-70.7553052638
-71.2833008336
-71.3534450573
-70.913859611
-70.6650407399
-70.5707399837
-70.1760250649
-70.5378966537
-70.2106833962
-70.1654178964
-69.7738360871
-70.0659120243
-69.852724182
-70.1026497551
-70.5896462875
-70.3025518893
-70.7235901853
-70.6984946658
-70.8059901863
-70.7402472818
-70.6246686037
-70.3857031588
-70.175878671
-70.0662490548
-69.8357795188
-69.9469586646
-70.0839009044
-70.1176028395
-70.3178496821
-70.4430070409
-70.1221152792
-69.9988072019
-70.4244644537
-70.7803667548
-70.5081178285
-70.5242864287
-70.4526730569
-70.7715873323
-70.7372476305
-70.7354509359
-71.0775372538
-71.4496858631
-70.9856024374
-70.7438071566
-70.7877596735
-70.6800954099
-70.7526501465
-70.7606968655
-70.8062183896
-70.0908254434
-70.4171751104
-70.3268828904
-70.4398706234
-70.3092038515
-70.4510442341
-70.573541806
-70.7812761757
-70.6206969776
-70.2895637878
-70.4474348367
-70.619148304
-71.0860588933
-71.0499799729
-71.227437379
-70.9075954763
-71.1910314664
-70.9826396387
-70.7904511082
-70.6997069143
-70.5710344092
-71.0704672557
-71.1586584759
-71.3247103156
-71.1582629415
-71.2037689259
-70.9918992956
-70.7723608291
-70.4500225168
-70.2606353444
-70.7623103903
-70.80960968
-70.8565254051
-71.1571220713
-71.1735605127
-71.179904123
-71.3140492546
-71.0861174605
-71.0966995174
-71.3929850004
-71.3824776666
-71.6849604024
-71.4717472088
-71.0092377663
-70.9682120314
-70.9968994227
-70.6149009559
-70.7007513529
-70.8980398371
-71.2461362285
-71.2618631014
-71.2252485632
-71.4556610238
-71.565055164
-71.3760992856
-70.9302609069
-70.8674863292
-71.0159549514
-70.9391068173
-71.218467019
-71.0925350205
-70.8747473067
-71.0471911774
-71.2069184794
-70.7835381955
-70.9703351032
-70.8266810445
-70.8991213725
-70.8804074833
-70.6440620166
-70.5843046668
-70.3440993008
-70.2898018152
-69.8910375205
-69.7321106611
-69.3412860307
-69.3678436947
-69.7969111782
-69.7968208777
-69.712780215
-70.1866303098
-70.1615712667
-70.7344124835
-71.1005108964
-70.8908603329
-71.0313628455
-70.7884182488
-70.5864380072
-70.5569195087
-70.0528631598
-70.126967882
-70.0343661265
-70.0244639628
-70.0803059372
-70.0372955802
-69.8799465498
-69.9326791784
-70.0236935069
-70.2583385383
-70.2377940513
-70.2624985393
-70.1528081444
-70.1706514512
-70.3008115734
-70.0444429207
-69.9172489464
-70.1513756757
-70.3270666925
-70.2925053876
-70.1105258544
-70.1242102671
-69.5289827418
-69.3290181971
-69.5176941009
-69.112588268
-68.6196673868
-68.6662796634
-68.5533372265
-68.3542423724
-68.7886714131
-68.2922079225
-68.4063594951
-68.6475202583
-68.6528175686
-68.5864605936
-68.6144083413
-68.2914742416
-68.4855317159
-68.4174846266
-68.2514701686
